PALETTE
0 transparent
1 #2a2238
2 #f3c8a2
3 #3f7fd6
4 #8a4b2f
GRID
00| 000000000000000000000000000000000000000000000000
01| 000000000000000000000000000000000000000000000000
02| 000000000000000000000000000000000000000000000000
03| 000000000000000000000000000000000000000000000000
04| 000000000000000000000000000000000000000000000000
05| 000000000000000000000000000000000000000000000000
06| 000000000000000000444444444444000000000000000000
07| 000000000000000000444444444444000000000000000000
08| 000000000000000000444444444444000000000000000000
09| 000000000000000000444444444444000000000000000000
10| 000000000000000000444444444444000000000000000000
11| 000000000000000000022222222220000000000000000000
12| 000000000000000000022222222220000000000000000000
13| 000000000000000000022112211220000000000000000000
14| 000000000000000000022112211220000000000000000000
15| 000000000000000000022222222220000000000000000000
16| 000000000000000000022222222220000000000000000000
17| 000000000000000000022222222220000000000000000000
18| 000000000000000001111111111111100000000000000000
19| 000000000000000001111111111111100000000000000000
20| 000000000000002223333333333333322200000000000000
21| 000000000000002223333333333333322200000000000000
22| 000000000000002223333333333333322200000000000000
23| 000000000000002223333333333333322200000000000000
24| 000000000000002223333333333333322200000000000000
25| 000000000000002223333333333333322200000000000000
26| 000000000000002223333333333333322200000000000000
27| 000000000000002223333333333333322200000000000000
28| 000000000000000003333333333333300000000000000000
29| 000000000000000003333333333333300000000000000000
30| 000000000000000003333333333333300000000000000000
31| 000000000000000000001110011100000000000000000000
32| 000000000000000000001110011100000000000000000000
33| 000000000000000000001110011100000000000000000000
34| 000000000000000000001110011100000000000000000000
35| 000000000000000000001110011100000000000000000000
36| 000000000000000000001110011100000000000000000000
37| 000000000000000000001110011100000000000000000000
38| 000000000000000000001110011100000000000000000000
39| 000000000000000000001110011100000000000000000000
40| 000000000000000000001110011100000000000000000000
41| 000000000000000000001110011100000000000000000000
42| 000000000000000000001110011100000000000000000000
43| 000000000000000000044444444440000000000000000000
44| 000000000000000000044444444440000000000000000000
45| 000000000000000000044444444440000000000000000000
46| 000000000000000000000000000000000000000000000000
47| 000000000000000000000000000000000000000000000000
END
=====
oops broken response for retry demo
=====
PALETTE
0 transparent
1 #2a2238
2 #f3c8a2
3 #3f7fd6
4 #8a4b2f
GRID
00| 000000000000000000000000000000000000000000000000
01| 000000000000000000000000000000000000000000000000
02| 000000000000000000000000000000000000000000000000
03| 000000000000000000000000000000000000000000000000
04| 000000000000000000000000000000000000000000000000
05| 000000000000000000000000000000000000000000000000
06| 000000000000000000004444444444000000000000000000
07| 000000000000000000004444444444000000000000000000
08| 000000000000000000004444444444000000000000000000
09| 000000000000000000004444444444000000000000000000
10| 000000000000000000004444444444000000000000000000
11| 000000000000000000000222222220000000000000000000
12| 000000000000000000000222222220000000000000000000
13| 000000000000000000000222221120000000000000000000
14| 000000000000000000000222221120000000000000000000
15| 000000000000000000000222222220000000000000000000
16| 000000000000000000000222222220000000000000000000
17| 000000000000000000000222222220000000000000000000
18| 000000000000000000033333333330000000000000000000
19| 000000000000000000033333333330000000000000000000
20| 000000000000000022233333333330000000000000000000
21| 000000000000000022233333333330000000000000000000
22| 000000000000000022233333333330000000000000000000
23| 000000000000000022233333333330000000000000000000
24| 000000000000000022233333333330000000000000000000
25| 000000000000000022233333333330000000000000000000
26| 000000000000000022233333333330000000000000000000
27| 000000000000000022233333333330000000000000000000
28| 000000000000000000033333333330000000000000000000
29| 000000000000000000033333333330000000000000000000
30| 000000000000000000033333333330000000000000000000
31| 000000000000000000001111011110000000000000000000
32| 000000000000000000001111011110000000000000000000
33| 000000000000000000001111011110000000000000000000
34| 000000000000000000001111011110000000000000000000
35| 000000000000000000001111011110000000000000000000
36| 000000000000000000001111011110000000000000000000
37| 000000000000000000001111011110000000000000000000
38| 000000000000000000001111011110000000000000000000
39| 000000000000000000001111011110000000000000000000
40| 000000000000000000001111011110000000000000000000
41| 000000000000000000001111011110000000000000000000
42| 000000000000000000001111011110000000000000000000
43| 000000000000000000444444044444400000000000000000
44| 000000000000000000444444044444400000000000000000
45| 000000000000000000444444044444400000000000000000
46| 000000000000000000000000000000000000000000000000
47| 000000000000000000000000000000000000000000000000
END
